DHCP=on
IP=10.32.100.208
MASK=255.255.255.0
GATE=10.32.100.254
DNS=10.32.100.1
NTPSERVER=time.kph.uni-mainz.de
UTCZONE=1
R1=100000
R2=254
NTP=off
UMIN=1250
LEVELS=5
NEG=false
MEM=1
FILE=kenn.txt
REG_DIV=1.3
CARDS=91,92,93,94,95
M0=-0.042778,-0.063160,-0.057359,-0.081096,-0.064689,-0.069326,-0.064011,-0.056150
N0=-37.005177,-0.628182,-6.582341,30.758957,2.196862,10.729996,0.195784,-15.823853
M1=-0.083395,-0.099510,-0.141317,-0.126569,-0.128083,-0.165914,-0.087620,-0.102328
N1=32.680347,61.443817,133.315323,108.311333,111.856308,177.927673,41.004436,63.209717
M2=-0.136694,-0.111857,-0.133730,-0.114569,-0.136293,-0.125096,-0.063628,-0.133993
N2=122.232841,82.608627,121.797218,89.223671,125.395866,104.710823,0.001828,117.784813
M3=-0.122514,-0.116031,-0.190457,-0.135423,-0.146049,-0.183250,-0.143005,-0.063150
N3=96.087830,87.963959,217.416016,121.343025,139.700867,205.271591,131.936249,-5.688386
M4=-0.078316,-0.101920,-0.092883,-0.108726,-0.110991,-0.122825,-0.079534,-0.116725
N4=22.780300,61.207760,47.908218,74.907608,81.507919,97.968132,24.288839,86.935799
UMAX=1750
MAC=00:60:35:17:a5:26
LEASE=86400
REG=on
REGN=10
